00100000001000000001000000000000
00010000000000000000000000000000
00000000001100000001000000000000
00000000000000000000000000000000
00000000000000000000000000000000
01010000000000000000000000110000
00110001000000000000000000010000
00110010000000000001000001000000
01010000000000000010000000010000
00110000001000000010000000000000
00100000000100000001000000010000
00000000000000000001000000100000
00010000000100000001000000010000
00010000000100000001000000010000
00000000000000000001000000100000
00010000000000000010000000000000
00000011000000000010000000010000
00000010010100000001000100110000
00010001010000000000000000000000
00010001000000000000000000000000
00000010000000000000000000000000
00010000001100000000000000010000
00100000000100000000000000100000
00000000001000000001000000010001
00000000001000000000000000000010
00010000001000000000000000010001
00000001000100010000000000100000
00000001000100010000000000010001
00100000000100010000000000010000
00110000001000010000000000100001
00010010000000000000000000000001
01000000000000000000000000000000
01010000000000000000000001000000
01010000000000000001000001000000
00110000001000000001000000010000
00110000000100000000000000010000
00000000001100000001000000000000
00000000000000000000000000000000
00000000000000000000000000000000
00110000000000000000000000000000
00010011000000000000000000000000
01000000000000000000000000000000
01100000000000000001000001010000
01010000001000000001000001010000
00110000000100000001000000100000
00000000000000000001000000100000
00010000000100000001000000100000
00010000000100000001000000010000
00000000000000000001000000010000
00010001000100000001000000000000
00000010000000000001000000000000
00000001001100000001000000000000
00000001010000000000000000000000
00010001000100000000000000000000
00010000000000000000000000000001
00100001000000010000000000000010
01000000000000010000000000000001
00000000000000000001000000010001
00010000001000000001000000010010
00010000001100000000000000000010
00010001000000000000000000000000
00000001000000000000000000100000
00100000001100000000000000010000
00000001000100000000000000010001
