00110011011110111111111100011011
11111111111111111100000111111000
11000101111101100010011101100001
10000011110011011000110011001111
00110110110111111011001101101101
10110110110110111111011001101111
00111110001110011011100100000110
10100011010100001111110101111111
10011111110110001111011001101111
00111100110110101110011111001011
00111101011010101110011101010111
01010011010111011000110010111001
01010011111101000011111111000001
11111000011000001111011000011000
11001101101100011011110111100011
01111111111111111111100011111111
01000111111100001111111100000011
11011000001100000110011011000001
10001101101100111111011001101101
10110011011011011011111101101101
01011011111001110111110100011011
11101000011111101010111111011111
11010010110111100100001110111101
11110110101011001101101001011000
11111001010111111110111110011001
10001111011101011110101XXXXXXXXX
